pi1 = 0.06976744186046513
pi2 = 0.09999999999999992
pi3 = 0.4736842105263158
