pi1 = 0.09375
pi2 = 0.09375
pi3 = 0.09375
